4.500020057486100455e+00 3.499969539534070861e+00
1.061031947135870901e-01 1.893859198080011019e+00
-3.231647706214424431e-06 9.999944597656752476e-01
-2.961427920369822004e+02 2.959625437000024135e+02
-3.003131589377319983e+02 2.987143152101963324e+02
-2.965166335470438526e+02 2.961387345724723446e+02
-3.004825946563130401e+02 2.987631501189279675e+02
-1.477955100475326824e-03 2.897299037381622852e-03
-2.995781284480621025e+02 2.989923372311324101e+02
-3.008194770658643051e+02 2.989923372311324101e+02
-1.498005507604600016e-03 3.058200799456154556e-03
